# Migration is number of nodes that have changed color.

Round		Edge-Cut		Swaps		Migrations		Skipped
0		8904		4719		3001
1		8313		9439		3014
2		7823		14159		3106
3		7424		18879		3080
4		7168		23599		3123
5		6901		28319		3178
6		6698		33039		3201
7		6600		37758		3199
8		6480		42477		3194
9		6314		47196		3229
10		6209		51913		3229
11		6076		56633		3205
12		5995		61352		3209
13		5889		66070		3158
14		5815		70789		3222
15		5778		75508		3230
16		5696		80228		3220
17		5577		84947		3244
18		5471		89666		3228
19		5377		94384		3207
20		5274		99103		3229
21		5254		103820		3240
22		5214		108540		3213
23		5151		113260		3224
24		5152		117979		3244
25		5060		122699		3225
26		4974		127419		3216
27		4959		132137		3236
28		4953		136852		3241
29		4956		141570		3233
30		4923		146289		3231
31		4907		151007		3270
32		4862		155727		3270
33		4884		160446		3251
34		4829		165165		3233
35		4779		169884		3252
36		4776		174599		3263
37		4720		179318		3248
38		4661		184037		3261
39		4679		188755		3258
40		4663		193474		3271
41		4656		198192		3259
42		4631		202911		3257
43		4668		207630		3289
44		4660		212349		3274
45		4609		217067		3272
46		4571		221786		3273
47		4615		226503		3284
48		4541		231223		3291
49		4527		235940		3284
50		4498		240658		3290
51		4484		245375		3309
52		4466		250093		3309
53		4413		254812		3310
54		4416		259531		3292
55		4422		264247		3300
56		4401		268966		3286
57		4384		273686		3289
58		4404		278402		3276
59		4412		283120		3292
60		4335		287836		3307
61		4362		292553		3306
62		4365		297268		3292
63		4339		301985		3256
64		4363		306703		3301
65		4290		311422		3289
66		4334		316141		3298
67		4342		320858		3294
68		4285		325575		3314
69		4307		330292		3288
70		4310		335011		3302
71		4318		339729		3304
72		4314		344448		3310
73		4317		349167		3287
74		4268		353887		3314
75		4258		358605		3310
76		4257		363321		3291
77		4272		368038		3297
78		4208		372758		3297
79		4186		377474		3294
80		4200		382192		3289
81		4115		386911		3284
82		4131		391626		3263
83		4082		396343		3275
84		4138		401057		3283
85		4027		405774		3291
86		4056		410489		3306
87		4024		415207		3303
88		4029		419924		3313
89		4049		424641		3315
90		4029		429359		3326
91		3972		434075		3309
92		3958		438790		3298
93		3950		443504		3308
94		3914		448217		3280
95		3961		452932		3302
96		3951		457651		3306
97		3958		462369		3298
98		3957		467087		3313
99		3957		471804		3324
100		3915		476521		3308
101		3927		481239		3298
102		3920		485956		3302
103		3897		490674		3289
104		3871		495389		3303
105		3891		500104		3301
106		3864		504820		3302
107		3856		509536		3303
108		3883		514251		3324
109		3883		518966		3312
110		3900		523684		3306
111		3847		528403		3295
112		3823		533118		3322
113		3868		537836		3311
114		3862		542556		3325
115		3868		547274		3307
116		3851		551991		3297
117		3795		556710		3306
118		3832		561429		3316
119		3829		566142		3318
120		3812		570859		3300
121		3779		575574		3309
122		3781		580290		3318
123		3740		585004		3313
124		3741		589717		3308
125		3674		594434		3318
126		3697		599146		3300
127		3673		603862		3303
128		3660		608580		3316
129		3690		613294		3306
130		3689		618011		3312
131		3667		622727		3302
132		3667		627443		3308
133		3673		632153		3296
134		3663		636867		3294
135		3658		641585		3309
136		3655		646301		3313
137		3649		651018		3300
138		3686		655735		3299
139		3663		660446		3295
140		3656		665164		3296
141		3651		669879		3302
142		3658		674594		3311
143		3643		679311		3310
144		3612		684026		3290
145		3612		688743		3319
146		3636		693459		3293
147		3616		698176		3296
148		3600		702891		3296
149		3558		707600		3288
150		3570		712312		3304
151		3549		717029		3313
152		3546		721743		3314
153		3564		726456		3309
154		3558		731170		3319
155		3550		735886		3303
156		3543		740602		3310
157		3519		745321		3321
158		3542		750037		3317
159		3546		754751		3312
160		3532		759463		3302
161		3542		764178		3308
162		3516		768894		3312
163		3503		773611		3310
164		3524		778330		3294
165		3500		783047		3312
166		3503		787765		3298
167		3493		792479		3319
168		3513		797194		3322
169		3498		801904		3315
170		3498		806620		3334
171		3490		811339		3330
172		3508		816055		3317
173		3481		820769		3332
174		3499		825486		3319
175		3464		830198		3314
176		3499		834914		3314
177		3486		839625		3313
178		3484		844338		3323
179		3465		849048		3323
180		3465		853760		3322
181		3474		858477		3323
182		3452		863193		3330
183		3447		867905		3340
184		3435		872616		3331
185		3431		877330		3323
186		3411		882044		3314
187		3444		886761		3337
188		3428		891477		3339
189		3444		896193		3344
190		3450		900910		3335
191		3448		905623		3330
192		3431		910340		3328
193		3444		915054		3315
194		3432		919769		3313
195		3420		924484		3307
196		3427		929197		3312
197		3428		933909		3319
198		3419		938624		3328
199		3442		943333		3341
200		3438		948049		3345
201		3340		948356		3318
202		3314		948640		3308
203		3262		948901		3319
204		3225		949114		3327
205		3192		949326		3325
206		3165		949485		3304
207		3151		949668		3311
208		3145		949853		3318
209		3097		950017		3319
210		3081		950163		3310
211		3066		950298		3313
212		3052		950406		3319
213		3039		950511		3319
214		3024		950637		3322
215		3005		950749		3324
216		2991		950841		3322
217		2966		950940		3322
218		2966		951031		3319
219		2958		951135		3313
220		2944		951246		3326
221		2949		951346		3315
222		2932		951436		3308
223		2930		951545		3327
224		2929		951667		3312
225		2907		951773		3312
226		2892		951884		3321
227		2878		951983		3334
228		2882		952084		3318
229		2874		952209		3326
230		2869		952306		3330
231		2860		952386		3335
232		2865		952491		3332
233		2837		952590		3331
234		2832		952693		3330
235		2835		952804		3338
236		2827		952899		3325
237		2823		952992		3334
238		2802		953064		3328
239		2793		953122		3323
240		2764		953169		3321
241		2764		953215		3315
242		2758		953262		3320
243		2766		953310		3310
244		2758		953371		3309
245		2755		953448		3317
246		2736		953505		3310
247		2723		953543		3312
248		2719		953574		3310
249		2717		953604		3309
250		2708		953672		3308
251		2708		953705		3311
252		2704		953726		3310
253		2704		953757		3305
254		2707		953786		3305
255		2700		953823		3308
256		2696		953862		3308
257		2704		953910		3306
258		2692		953945		3311
259		2689		953983		3306
260		2690		954009		3310
261		2680		954036		3308
262		2667		954057		3311
263		2664		954061		3311
264		2664		954070		3314
265		2667		954087		3314
266		2661		954111		3317
267		2655		954129		3315
268		2651		954154		3315
269		2647		954167		3316
270		2651		954180		3316
271		2650		954195		3313
272		2648		954202		3317
273		2647		954208		3315
274		2648		954225		3313
275		2645		954242		3320
276		2643		954261		3319
277		2638		954272		3316
278		2637		954290		3320
279		2631		954306		3315
280		2630		954312		3322
281		2625		954320		3318
282		2621		954332		3317
283		2622		954342		3319
284		2622		954352		3322
285		2624		954360		3322
286		2619		954373		3319
287		2620		954381		3320
288		2620		954394		3324
289		2617		954408		3323
290		2618		954425		3322
291		2621		954443		3323
292		2623		954458		3322
293		2622		954478		3322
294		2620		954491		3320
295		2617		954502		3321
296		2617		954522		3323
297		2615		954550		3322
298		2609		954567		3322
299		2611		954589		3322
300		2614		954615		3323
301		2613		954642		3322
302		2612		954662		3326
303		2606		954679		3324
304		2605		954691		3327
305		2605		954708		3324
306		2611		954726		3319
307		2598		954748		3323
308		2602		954777		3323
309		2603		954791		3325
310		2602		954806		3326
311		2610		954824		3326
312		2593		954850		3326
313		2599		954868		3328
314		2598		954895		3333
315		2599		954910		3333
316		2597		954928		3330
317		2592		954947		3326
318		2593		954961		3329
319		2590		954973		3330
320		2587		954986		3331
321		2589		955002		3327
322		2592		955017		3323
323		2582		955031		3329
324		2583		955041		3327
325		2583		955056		3329
326		2580		955071		3329
327		2579		955084		3327
328		2573		955094		3322
329		2575		955104		3324
330		2574		955118		3326
331		2573		955141		3324
332		2568		955157		3322
333		2559		955172		3323
334		2563		955177		3324
335		2558		955180		3326
336		2559		955190		3326
337		2556		955194		3327
338		2553		955198		3325
339		2551		955199		3325
340		2551		955201		3325
341		2551		955202		3324
342		2551		955205		3325
343		2551		955205		3325
344		2551		955207		3325
345		2551		955210		3324
346		2551		955210		3324
347		2551		955210		3324
348		2551		955210		3324
349		2551		955210		3324
350		2551		955210		3324
351		2549		955211		3326
352		2549		955211		3326
353		2549		955211		3326
354		2549		955211		3326
355		2549		955211		3326
356		2549		955211		3326
357		2549		955211		3326
358		2549		955211		3326
359		2549		955211		3326
360		2549		955211		3326
361		2549		955211		3326
362		2549		955211		3326
363		2549		955211		3326
364		2549		955211		3326
365		2549		955211		3326
366		2549		955211		3326
367		2549		955211		3326
368		2549		955211		3326
369		2549		955211		3326
370		2549		955211		3326
371		2549		955211		3326
372		2549		955211		3326
373		2549		955211		3326
374		2549		955211		3326
375		2549		955211		3326
376		2549		955211		3326
377		2549		955211		3326
378		2549		955211		3326
379		2549		955211		3326
380		2549		955211		3326
381		2549		955211		3326
382		2549		955211		3326
383		2549		955211		3326
384		2549		955211		3326
385		2549		955211		3326
386		2549		955211		3326
387		2549		955211		3326
388		2549		955211		3326
389		2549		955211		3326
390		2549		955211		3326
391		2549		955211		3326
392		2549		955211		3326
393		2549		955211		3326
394		2549		955211		3326
395		2549		955211		3326
396		2549		955211		3326
397		2549		955211		3326
398		2549		955211		3326
399		2549		955211		3326
400		2549		955211		3326
401		2549		955211		3326
402		2549		955211		3326
403		2549		955211		3326
404		2549		955211		3326
405		2549		955211		3326
406		2549		955211		3326
407		2549		955211		3326
408		2549		955211		3326
409		2549		955211		3326
410		2549		955211		3326
411		2549		955211		3326
412		2549		955211		3326
413		2549		955211		3326
414		2549		955211		3326
415		2549		955211		3326
416		2549		955211		3326
417		2549		955211		3326
418		2549		955211		3326
419		2549		955211		3326
420		2549		955211		3326
421		2549		955211		3326
422		2549		955211		3326
423		2549		955211		3326
424		2549		955211		3326
425		2549		955211		3326
426		2549		955211		3326
427		2549		955211		3326
428		2549		955211		3326
429		2549		955211		3326
430		2549		955211		3326
431		2549		955211		3326
432		2549		955211		3326
433		2549		955211		3326
434		2549		955211		3326
435		2549		955211		3326
436		2549		955211		3326
437		2549		955211		3326
438		2549		955211		3326
439		2549		955211		3326
440		2549		955211		3326
441		2549		955211		3326
442		2549		955211		3326
443		2549		955211		3326
444		2549		955211		3326
445		2549		955211		3326
446		2549		955211		3326
447		2549		955211		3326
448		2549		955211		3326
449		2549		955211		3326
450		2549		955211		3326
451		2549		955211		3326
452		2549		955211		3326
453		2549		955211		3326
454		2549		955211		3326
455		2549		955211		3326
456		2549		955211		3326
457		2549		955211		3326
458		2549		955211		3326
459		2549		955211		3326
460		2549		955211		3326
461		2549		955211		3326
462		2549		955211		3326
463		2549		955211		3326
464		2549		955211		3326
465		2549		955211		3326
466		2549		955211		3326
467		2549		955211		3326
468		2549		955211		3326
469		2549		955211		3326
470		2549		955211		3326
471		2549		955211		3326
472		2549		955211		3326
473		2549		955211		3326
474		2549		955211		3326
475		2549		955211		3326
476		2549		955211		3326
477		2549		955211		3326
478		2549		955211		3326
479		2549		955211		3326
480		2549		955211		3326
481		2549		955211		3326
482		2549		955211		3326
483		2549		955211		3326
484		2549		955211		3326
485		2549		955211		3326
486		2549		955211		3326
487		2549		955211		3326
488		2549		955211		3326
489		2549		955211		3326
490		2549		955211		3326
491		2549		955211		3326
492		2549		955211		3326
493		2549		955211		3326
494		2549		955211		3326
495		2549		955211		3326
496		2549		955211		3326
497		2549		955211		3326
498		2549		955211		3326
499		2549		955211		3326
500		2549		955211		3326
501		2549		955211		3326
502		2549		955211		3326
503		2549		955211		3326
504		2549		955211		3326
505		2549		955211		3326
506		2549		955211		3326
507		2549		955211		3326
508		2549		955211		3326
509		2549		955211		3326
510		2549		955211		3326
511		2549		955211		3326
512		2549		955211		3326
513		2549		955211		3326
514		2549		955211		3326
515		2549		955211		3326
516		2549		955211		3326
517		2549		955211		3326
518		2549		955211		3326
519		2549		955211		3326
520		2549		955211		3326
521		2549		955211		3326
522		2549		955211		3326
523		2549		955211		3326
524		2549		955211		3326
525		2549		955211		3326
526		2549		955211		3326
527		2549		955211		3326
528		2549		955211		3326
529		2549		955211		3326
530		2549		955211		3326
531		2549		955211		3326
532		2549		955211		3326
533		2549		955211		3326
534		2549		955211		3326
535		2549		955211		3326
536		2549		955211		3326
537		2549		955211		3326
538		2549		955211		3326
539		2549		955211		3326
540		2549		955211		3326
541		2549		955211		3326
542		2549		955211		3326
543		2549		955211		3326
544		2549		955211		3326
545		2549		955211		3326
546		2549		955211		3326
547		2549		955211		3326
548		2549		955211		3326
549		2549		955211		3326
550		2549		955211		3326
551		2549		955211		3326
552		2549		955211		3326
553		2549		955211		3326
554		2549		955211		3326
555		2549		955211		3326
556		2549		955211		3326
557		2549		955211		3326
558		2549		955211		3326
559		2549		955211		3326
560		2549		955211		3326
561		2549		955211		3326
562		2549		955211		3326
563		2549		955211		3326
564		2549		955211		3326
565		2549		955211		3326
566		2549		955211		3326
567		2549		955211		3326
568		2549		955211		3326
569		2549		955211		3326
570		2549		955211		3326
571		2549		955211		3326
572		2549		955211		3326
573		2549		955211		3326
574		2549		955211		3326
575		2549		955211		3326
576		2549		955211		3326
577		2549		955211		3326
578		2549		955211		3326
579		2549		955211		3326
580		2549		955211		3326
581		2549		955211		3326
582		2549		955211		3326
583		2549		955211		3326
584		2549		955211		3326
585		2549		955211		3326
586		2549		955211		3326
587		2549		955211		3326
588		2549		955211		3326
589		2549		955211		3326
590		2549		955211		3326
591		2549		955211		3326
592		2549		955211		3326
593		2549		955211		3326
594		2549		955211		3326
595		2549		955211		3326
596		2549		955211		3326
597		2549		955211		3326
598		2549		955211		3326
599		2549		955211		3326
600		2549		955211		3326
601		2549		955211		3326
602		2549		955211		3326
603		2549		955211		3326
604		2549		955211		3326
605		2549		955211		3326
606		2549		955211		3326
607		2549		955211		3326
608		2549		955211		3326
609		2549		955211		3326
610		2549		955211		3326
611		2549		955211		3326
612		2549		955211		3326
613		2549		955211		3326
614		2549		955211		3326
615		2549		955211		3326
616		2549		955211		3326
617		2549		955211		3326
618		2549		955211		3326
619		2549		955211		3326
620		2549		955211		3326
621		2549		955211		3326
622		2549		955211		3326
623		2549		955211		3326
624		2549		955211		3326
625		2549		955211		3326
626		2549		955211		3326
627		2549		955211		3326
628		2549		955211		3326
629		2549		955211		3326
630		2549		955211		3326
631		2549		955211		3326
632		2549		955211		3326
633		2549		955211		3326
634		2549		955211		3326
635		2549		955211		3326
636		2549		955211		3326
637		2549		955211		3326
638		2549		955211		3326
639		2549		955211		3326
640		2549		955211		3326
641		2549		955211		3326
642		2549		955211		3326
643		2549		955211		3326
644		2549		955211		3326
645		2549		955211		3326
646		2549		955211		3326
647		2549		955211		3326
648		2549		955211		3326
649		2549		955211		3326
650		2549		955211		3326
651		2549		955211		3326
652		2549		955211		3326
653		2549		955211		3326
654		2549		955211		3326
655		2549		955211		3326
656		2549		955211		3326
657		2549		955211		3326
658		2549		955211		3326
659		2549		955211		3326
660		2549		955211		3326
661		2549		955211		3326
662		2549		955211		3326
663		2549		955211		3326
664		2549		955211		3326
665		2549		955211		3326
666		2549		955211		3326
667		2549		955211		3326
668		2549		955211		3326
669		2549		955211		3326
670		2549		955211		3326
671		2549		955211		3326
672		2549		955211		3326
673		2549		955211		3326
674		2549		955211		3326
675		2549		955211		3326
676		2549		955211		3326
677		2549		955211		3326
678		2549		955211		3326
679		2549		955211		3326
680		2549		955211		3326
681		2549		955211		3326
682		2549		955211		3326
683		2549		955211		3326
684		2549		955211		3326
685		2549		955211		3326
686		2549		955211		3326
687		2549		955211		3326
688		2549		955211		3326
689		2549		955211		3326
690		2549		955211		3326
691		2549		955211		3326
692		2549		955211		3326
693		2549		955211		3326
694		2549		955211		3326
695		2549		955211		3326
696		2549		955211		3326
697		2549		955211		3326
698		2549		955211		3326
699		2549		955211		3326
700		2549		955211		3326
701		2549		955211		3326
702		2549		955211		3326
703		2549		955211		3326
704		2549		955211		3326
705		2549		955211		3326
706		2549		955211		3326
707		2549		955211		3326
708		2549		955211		3326
709		2549		955211		3326
710		2549		955211		3326
711		2549		955211		3326
712		2549		955211		3326
713		2549		955211		3326
714		2549		955211		3326
715		2549		955211		3326
716		2549		955211		3326
717		2549		955211		3326
718		2549		955211		3326
719		2549		955211		3326
720		2549		955211		3326
721		2549		955211		3326
722		2549		955211		3326
723		2549		955211		3326
724		2549		955211		3326
725		2549		955211		3326
726		2549		955211		3326
727		2549		955211		3326
728		2549		955211		3326
729		2549		955211		3326
730		2549		955211		3326
731		2549		955211		3326
732		2549		955211		3326
733		2549		955211		3326
734		2549		955211		3326
735		2549		955211		3326
736		2549		955211		3326
737		2549		955211		3326
738		2549		955211		3326
739		2549		955211		3326
740		2549		955211		3326
741		2549		955211		3326
742		2549		955211		3326
743		2549		955211		3326
744		2549		955211		3326
745		2549		955211		3326
746		2549		955211		3326
747		2549		955211		3326
748		2549		955211		3326
749		2549		955211		3326
750		2549		955211		3326
751		2549		955211		3326
752		2549		955211		3326
753		2549		955211		3326
754		2549		955211		3326
755		2549		955211		3326
756		2549		955211		3326
757		2549		955211		3326
758		2549		955211		3326
759		2549		955211		3326
760		2549		955211		3326
761		2549		955211		3326
762		2549		955211		3326
763		2549		955211		3326
764		2549		955211		3326
765		2549		955211		3326
766		2549		955211		3326
767		2549		955211		3326
768		2549		955211		3326
769		2549		955211		3326
770		2549		955211		3326
771		2549		955211		3326
772		2549		955211		3326
773		2549		955211		3326
774		2549		955211		3326
775		2549		955211		3326
776		2549		955211		3326
777		2549		955211		3326
778		2549		955211		3326
779		2549		955211		3326
780		2549		955211		3326
781		2549		955211		3326
782		2549		955211		3326
783		2549		955211		3326
784		2549		955211		3326
785		2549		955211		3326
786		2549		955211		3326
787		2549		955211		3326
788		2549		955211		3326
789		2549		955211		3326
790		2549		955211		3326
791		2549		955211		3326
792		2549		955211		3326
793		2549		955211		3326
794		2549		955211		3326
795		2549		955211		3326
796		2549		955211		3326
797		2549		955211		3326
798		2549		955211		3326
799		2549		955211		3326
800		2549		955211		3326
801		2549		955211		3326
802		2549		955211		3326
803		2549		955211		3326
804		2549		955211		3326
805		2549		955211		3326
806		2549		955211		3326
807		2549		955211		3326
808		2549		955211		3326
809		2549		955211		3326
810		2549		955211		3326
811		2549		955211		3326
812		2549		955211		3326
813		2549		955211		3326
814		2549		955211		3326
815		2549		955211		3326
816		2549		955211		3326
817		2549		955211		3326
818		2549		955211		3326
819		2549		955211		3326
820		2549		955211		3326
821		2549		955211		3326
822		2549		955211		3326
823		2549		955211		3326
824		2549		955211		3326
825		2549		955211		3326
826		2549		955211		3326
827		2549		955211		3326
828		2549		955211		3326
829		2549		955211		3326
830		2549		955211		3326
831		2549		955211		3326
832		2549		955211		3326
833		2549		955211		3326
834		2549		955211		3326
835		2549		955211		3326
836		2549		955211		3326
837		2549		955211		3326
838		2549		955211		3326
839		2549		955211		3326
840		2549		955211		3326
841		2549		955211		3326
842		2549		955211		3326
843		2549		955211		3326
844		2549		955211		3326
845		2549		955211		3326
846		2549		955211		3326
847		2549		955211		3326
848		2549		955211		3326
849		2549		955211		3326
850		2549		955211		3326
851		2549		955211		3326
852		2549		955211		3326
853		2549		955211		3326
854		2549		955211		3326
855		2549		955211		3326
856		2549		955211		3326
857		2549		955211		3326
858		2549		955211		3326
859		2549		955211		3326
860		2549		955211		3326
861		2549		955211		3326
862		2549		955211		3326
863		2549		955211		3326
864		2549		955211		3326
865		2549		955211		3326
866		2549		955211		3326
867		2549		955211		3326
868		2549		955211		3326
869		2549		955211		3326
870		2549		955211		3326
871		2549		955211		3326
872		2549		955211		3326
873		2549		955211		3326
874		2549		955211		3326
875		2549		955211		3326
876		2549		955211		3326
877		2549		955211		3326
878		2549		955211		3326
879		2549		955211		3326
880		2549		955211		3326
881		2549		955211		3326
882		2549		955211		3326
883		2549		955211		3326
884		2549		955211		3326
885		2549		955211		3326
886		2549		955211		3326
887		2549		955211		3326
888		2549		955211		3326
889		2549		955211		3326
890		2549		955211		3326
891		2549		955211		3326
892		2549		955211		3326
893		2549		955211		3326
894		2549		955211		3326
895		2549		955211		3326
896		2549		955211		3326
897		2549		955211		3326
898		2549		955211		3326
899		2549		955211		3326
900		2549		955211		3326
901		2549		955211		3326
902		2549		955211		3326
903		2549		955211		3326
904		2549		955211		3326
905		2549		955211		3326
906		2549		955211		3326
907		2549		955211		3326
908		2549		955211		3326
909		2549		955211		3326
910		2549		955211		3326
911		2549		955211		3326
912		2549		955211		3326
913		2549		955211		3326
914		2549		955211		3326
915		2549		955211		3326
916		2549		955211		3326
917		2549		955211		3326
918		2549		955211		3326
919		2549		955211		3326
920		2549		955211		3326
921		2549		955211		3326
922		2549		955211		3326
923		2549		955211		3326
924		2549		955211		3326
925		2549		955211		3326
926		2549		955211		3326
927		2549		955211		3326
928		2549		955211		3326
929		2549		955211		3326
930		2549		955211		3326
931		2549		955211		3326
932		2549		955211		3326
933		2549		955211		3326
934		2549		955211		3326
935		2549		955211		3326
936		2549		955211		3326
937		2549		955211		3326
938		2549		955211		3326
939		2549		955211		3326
940		2549		955211		3326
941		2549		955211		3326
942		2549		955211		3326
943		2549		955211		3326
944		2549		955211		3326
945		2549		955211		3326
946		2549		955211		3326
947		2549		955211		3326
948		2549		955211		3326
949		2549		955211		3326
950		2549		955211		3326
951		2549		955211		3326
952		2549		955211		3326
953		2549		955211		3326
954		2549		955211		3326
955		2549		955211		3326
956		2549		955211		3326
957		2549		955211		3326
958		2549		955211		3326
959		2549		955211		3326
960		2549		955211		3326
961		2549		955211		3326
962		2549		955211		3326
963		2549		955211		3326
964		2549		955211		3326
965		2549		955211		3326
966		2549		955211		3326
967		2549		955211		3326
968		2549		955211		3326
969		2549		955211		3326
970		2549		955211		3326
971		2549		955211		3326
972		2549		955211		3326
973		2549		955211		3326
974		2549		955211		3326
975		2549		955211		3326
976		2549		955211		3326
977		2549		955211		3326
978		2549		955211		3326
979		2549		955211		3326
980		2549		955211		3326
981		2549		955211		3326
982		2549		955211		3326
983		2549		955211		3326
984		2549		955211		3326
985		2549		955211		3326
986		2549		955211		3326
987		2549		955211		3326
988		2549		955211		3326
989		2549		955211		3326
990		2549		955211		3326
991		2549		955211		3326
992		2549		955211		3326
993		2549		955211		3326
994		2549		955211		3326
995		2549		955211		3326
996		2549		955211		3326
997		2549		955211		3326
998		2549		955211		3326
999		2549		955211		3326
