# Migration is number of nodes that have changed color.

Round		Edge-Cut		Swaps		Migrations		Skipped
0		8701		4544		3020
1		7329		7540		3091
2		6419		9853		3120
3		5744		11709		3156
4		5183		13187		3152
5		4838		14437		3179
6		4563		15487		3189
7		4289		16394		3198
8		4142		17187		3212
9		4000		17973		3216
10		3806		18705		3209
11		3652		19373		3223
12		3519		19914		3220
13		3430		20400		3247
14		3326		20837		3226
15		3263		21260		3222
16		3178		21655		3232
17		3122		22041		3208
18		3059		22374		3243
19		3026		22704		3249
20		2971		23034		3241
21		2894		23292		3254
22		2880		23560		3256
23		2820		23825		3253
24		2795		24063		3275
25		2755		24291		3281
26		2703		24528		3269
27		2675		24741		3261
28		2619		24955		3264
29		2584		25134		3270
30		2581		25305		3273
31		2534		25475		3273
32		2521		25612		3279
33		2495		25765		3283
34		2485		25935		3280
35		2472		26064		3284
36		2469		26188		3280
37		2448		26301		3284
38		2424		26425		3291
39		2414		26522		3291
40		2394		26595		3303
41		2381		26673		3304
42		2365		26745		3301
43		2344		26828		3293
44		2336		26888		3302
45		2310		26955		3301
46		2299		27014		3295
47		2301		27075		3290
48		2285		27120		3291
49		2267		27189		3294
50		2256		27250		3290
51		2252		27305		3297
52		2259		27387		3297
53		2253		27456		3300
54		2253		27525		3306
55		2245		27588		3309
56		2228		27645		3307
57		2219		27699		3308
58		2205		27749		3302
59		2191		27792		3297
60		2188		27845		3308
61		2187		27885		3302
62		2187		27922		3304
63		2172		27969		3298
64		2166		28001		3295
65		2151		28039		3301
66		2155		28068		3301
67		2147		28109		3307
68		2148		28154		3307
69		2146		28191		3301
70		2142		28235		3298
71		2136		28277		3304
72		2142		28320		3298
73		2140		28365		3300
74		2147		28419		3309
75		2140		28458		3304
76		2136		28502		3295
77		2130		28543		3296
78		2131		28581		3305
79		2121		28617		3303
80		2121		28646		3304
81		2118		28675		3302
82		2113		28716		3308
83		2104		28756		3301
84		2099		28796		3303
85		2094		28835		3303
86		2097		28869		3300
87		2088		28911		3310
88		2081		28948		3306
89		2081		28982		3311
90		2078		29018		3315
91		2063		29051		3306
92		2057		29076		3311
93		2062		29115		3311
94		2065		29157		3310
95		2056		29186		3309
96		2048		29218		3304
97		2046		29248		3302
98		2041		29269		3306
99		2045		29312		3303
100		2050		29363		3303
101		2044		29408		3308
102		2042		29446		3310
103		2037		29486		3307
104		2038		29531		3310
105		2029		29584		3311
106		2024		29622		3313
107		2020		29657		3308
108		2019		29711		3310
109		2020		29746		3306
110		2023		29781		3314
111		2011		29817		3313
112		2012		29838		3311
113		2012		29855		3307
114		2005		29879		3312
115		2005		29910		3318
116		2000		29945		3312
117		1995		29987		3315
118		1992		30018		3313
119		1990		30052		3314
120		1989		30091		3311
121		1977		30122		3311
122		1975		30144		3304
123		1978		30162		3308
124		1977		30178		3311
125		1974		30206		3309
126		1971		30225		3305
127		1973		30248		3309
128		1968		30274		3312
129		1973		30299		3314
130		1966		30318		3311
131		1962		30333		3311
132		1954		30348		3312
133		1957		30359		3318
134		1950		30373		3321
135		1949		30395		3320
136		1954		30411		3320
137		1952		30423		3318
138		1948		30440		3319
139		1947		30452		3320
140		1947		30468		3318
141		1947		30479		3317
142		1946		30488		3319
143		1945		30499		3316
144		1940		30510		3318
145		1938		30524		3316
146		1938		30533		3313
147		1936		30543		3315
148		1937		30554		3313
149		1932		30562		3317
150		1934		30567		3315
151		1931		30575		3319
152		1932		30579		3318
153		1940		30597		3317
154		1937		30609		3320
155		1935		30624		3317
156		1934		30634		3320
157		1937		30657		3322
158		1939		30665		3321
159		1939		30676		3323
160		1927		30692		3325
161		1924		30707		3323
162		1927		30715		3325
163		1926		30723		3324
164		1927		30728		3324
165		1921		30734		3322
166		1919		30739		3322
167		1920		30746		3320
168		1916		30755		3320
169		1915		30763		3320
170		1916		30772		3323
171		1921		30791		3322
172		1919		30814		3322
173		1920		30826		3325
174		1919		30837		3322
175		1906		30847		3322
176		1904		30858		3324
177		1905		30873		3324
178		1906		30891		3326
179		1904		30912		3324
180		1894		30926		3323
181		1893		30936		3323
182		1894		30951		3321
183		1894		30970		3322
184		1889		30988		3316
185		1885		31007		3321
186		1886		31018		3320
187		1887		31030		3321
188		1884		31049		3325
189		1882		31070		3325
190		1883		31084		3324
191		1883		31103		3324
192		1883		31127		3325
193		1886		31145		3323
194		1884		31168		3318
195		1883		31190		3323
196		1881		31212		3322
197		1880		31231		3323
198		1875		31246		3320
199		1880		31260		3323
200		1883		31293		3322
201		1888		31310		3321
202		1878		31336		3324
203		1876		31361		3327
204		1876		31399		3326
205		1874		31428		3327
206		1874		31448		3326
207		1870		31476		3330
208		1863		31494		3325
209		1858		31520		3324
210		1855		31534		3329
211		1856		31547		3327
212		1855		31558		3328
213		1852		31580		3327
214		1850		31598		3324
215		1845		31610		3322
216		1844		31620		3321
217		1841		31629		3322
218		1837		31638		3321
219		1836		31642		3321
220		1833		31650		3324
221		1834		31652		3322
222		1833		31659		3324
223		1835		31661		3321
224		1833		31664		3320
225		1832		31666		3321
226		1832		31669		3321
227		1832		31669		3321
228		1832		31671		3321
229		1832		31671		3321
230		1832		31671		3321
231		1832		31672		3321
232		1833		31673		3321
233		1832		31676		3323
234		1832		31677		3322
235		1832		31678		3323
236		1833		31682		3322
237		1832		31683		3323
238		1832		31683		3323
239		1830		31686		3324
240		1830		31688		3324
241		1830		31690		3324
242		1829		31695		3325
243		1828		31697		3325
244		1827		31700		3325
245		1827		31702		3325
246		1828		31703		3325
247		1826		31709		3325
248		1826		31709		3325
249		1826		31710		3325
250		1826		31713		3325
251		1827		31714		3326
252		1823		31716		3323
253		1823		31716		3323
254		1823		31716		3323
255		1823		31716		3323
256		1823		31716		3323
257		1823		31716		3323
258		1823		31716		3323
259		1823		31716		3323
260		1823		31716		3323
261		1823		31716		3323
262		1823		31716		3323
263		1823		31716		3323
264		1823		31716		3323
265		1823		31716		3323
266		1823		31716		3323
267		1823		31716		3323
268		1823		31716		3323
269		1823		31716		3323
270		1823		31716		3323
271		1823		31716		3323
272		1823		31716		3323
273		1823		31716		3323
274		1823		31716		3323
275		1823		31716		3323
276		1823		31716		3323
277		1823		31716		3323
278		1823		31716		3323
279		1823		31716		3323
280		1823		31716		3323
281		1823		31716		3323
282		1823		31716		3323
283		1823		31716		3323
284		1823		31716		3323
285		1823		31716		3323
286		1823		31716		3323
287		1823		31716		3323
288		1823		31716		3323
289		1823		31716		3323
290		1823		31716		3323
291		1823		31716		3323
292		1823		31716		3323
293		1823		31716		3323
294		1823		31716		3323
295		1823		31716		3323
296		1823		31716		3323
297		1823		31716		3323
298		1823		31716		3323
299		1823		31716		3323
300		1823		31716		3323
301		1823		31716		3323
302		1823		31716		3323
303		1823		31716		3323
304		1823		31716		3323
305		1823		31716		3323
306		1823		31716		3323
307		1823		31716		3323
308		1823		31716		3323
309		1823		31716		3323
310		1823		31716		3323
311		1823		31716		3323
312		1823		31716		3323
313		1823		31716		3323
314		1823		31716		3323
315		1823		31716		3323
316		1823		31716		3323
317		1823		31716		3323
318		1823		31716		3323
319		1823		31716		3323
320		1823		31716		3323
321		1823		31716		3323
322		1823		31716		3323
323		1823		31716		3323
324		1823		31716		3323
325		1823		31716		3323
326		1823		31716		3323
327		1823		31716		3323
328		1823		31716		3323
329		1823		31716		3323
330		1823		31716		3323
331		1823		31716		3323
332		1823		31716		3323
333		1823		31716		3323
334		1823		31716		3323
335		1823		31716		3323
336		1823		31716		3323
337		1823		31716		3323
338		1823		31716		3323
339		1823		31716		3323
340		1823		31716		3323
341		1823		31716		3323
342		1823		31716		3323
343		1823		31716		3323
344		1823		31716		3323
345		1823		31716		3323
346		1823		31716		3323
347		1823		31716		3323
348		1823		31716		3323
349		1823		31716		3323
350		1823		31716		3323
351		1823		31716		3323
352		1823		31716		3323
353		1823		31716		3323
354		1823		31716		3323
355		1823		31716		3323
356		1823		31716		3323
357		1823		31716		3323
358		1823		31716		3323
359		1823		31716		3323
360		1823		31716		3323
361		1823		31716		3323
362		1823		31716		3323
363		1823		31716		3323
364		1823		31716		3323
365		1823		31716		3323
366		1823		31716		3323
367		1823		31716		3323
368		1823		31716		3323
369		1823		31716		3323
370		1823		31716		3323
371		1823		31716		3323
372		1823		31716		3323
373		1823		31716		3323
374		1823		31716		3323
375		1823		31716		3323
376		1823		31716		3323
377		1823		31716		3323
378		1823		31716		3323
379		1823		31716		3323
380		1823		31716		3323
381		1823		31716		3323
382		1823		31716		3323
383		1823		31716		3323
384		1823		31716		3323
385		1823		31716		3323
386		1823		31716		3323
387		1823		31716		3323
388		1823		31716		3323
389		1823		31716		3323
390		1823		31716		3323
391		1823		31716		3323
392		1823		31716		3323
393		1823		31716		3323
394		1823		31716		3323
395		1823		31716		3323
396		1823		31716		3323
397		1823		31716		3323
398		1823		31716		3323
399		1823		31716		3323
400		1823		31716		3323
401		1823		31716		3323
402		1823		31716		3323
403		1823		31716		3323
404		1823		31716		3323
405		1823		31716		3323
406		1823		31716		3323
407		1823		31716		3323
408		1823		31716		3323
409		1823		31716		3323
410		1823		31716		3323
411		1823		31716		3323
412		1823		31716		3323
413		1823		31716		3323
414		1823		31716		3323
415		1823		31716		3323
416		1823		31716		3323
417		1823		31716		3323
418		1823		31716		3323
419		1823		31716		3323
420		1823		31716		3323
421		1823		31716		3323
422		1823		31716		3323
423		1823		31716		3323
424		1823		31716		3323
425		1823		31716		3323
426		1823		31716		3323
427		1823		31716		3323
428		1823		31716		3323
429		1823		31716		3323
430		1823		31716		3323
431		1823		31716		3323
432		1823		31716		3323
433		1823		31716		3323
434		1823		31716		3323
435		1823		31716		3323
436		1823		31716		3323
437		1823		31716		3323
438		1823		31716		3323
439		1823		31716		3323
440		1823		31716		3323
441		1823		31716		3323
442		1823		31716		3323
443		1823		31716		3323
444		1823		31716		3323
445		1823		31716		3323
446		1823		31716		3323
447		1823		31716		3323
448		1823		31716		3323
449		1823		31716		3323
450		1823		31716		3323
451		1823		31716		3323
452		1823		31716		3323
453		1823		31716		3323
454		1823		31716		3323
455		1823		31716		3323
456		1823		31716		3323
457		1823		31716		3323
458		1823		31716		3323
459		1823		31716		3323
460		1823		31716		3323
461		1823		31716		3323
462		1823		31716		3323
463		1823		31716		3323
464		1823		31716		3323
465		1823		31716		3323
466		1823		31716		3323
467		1823		31716		3323
468		1823		31716		3323
469		1823		31716		3323
470		1823		31716		3323
471		1823		31716		3323
472		1823		31716		3323
473		1823		31716		3323
474		1823		31716		3323
475		1823		31716		3323
476		1823		31716		3323
477		1823		31716		3323
478		1823		31716		3323
479		1823		31716		3323
480		1823		31716		3323
481		1823		31716		3323
482		1823		31716		3323
483		1823		31716		3323
484		1823		31716		3323
485		1823		31716		3323
486		1823		31716		3323
487		1823		31716		3323
488		1823		31716		3323
489		1823		31716		3323
490		1823		31716		3323
491		1823		31716		3323
492		1823		31716		3323
493		1823		31716		3323
494		1823		31716		3323
495		1823		31716		3323
496		1823		31716		3323
497		1823		31716		3323
498		1823		31716		3323
499		1823		31716		3323
500		1823		31716		3323
501		1823		31716		3323
502		1823		31716		3323
503		1823		31716		3323
504		1823		31716		3323
505		1823		31716		3323
506		1823		31716		3323
507		1823		31716		3323
508		1823		31716		3323
509		1823		31716		3323
510		1823		31716		3323
511		1823		31716		3323
512		1823		31716		3323
513		1823		31716		3323
514		1823		31716		3323
515		1823		31716		3323
516		1823		31716		3323
517		1823		31716		3323
518		1823		31716		3323
519		1823		31716		3323
520		1823		31716		3323
521		1823		31716		3323
522		1823		31716		3323
523		1823		31716		3323
524		1823		31716		3323
525		1823		31716		3323
526		1823		31716		3323
527		1823		31716		3323
528		1823		31716		3323
529		1823		31716		3323
530		1823		31716		3323
531		1823		31716		3323
532		1823		31716		3323
533		1823		31716		3323
534		1823		31716		3323
535		1823		31716		3323
536		1823		31716		3323
537		1823		31716		3323
538		1823		31716		3323
539		1823		31716		3323
540		1823		31716		3323
541		1823		31716		3323
542		1823		31716		3323
543		1823		31716		3323
544		1823		31716		3323
545		1823		31716		3323
546		1823		31716		3323
547		1823		31716		3323
548		1823		31716		3323
549		1823		31716		3323
550		1823		31716		3323
551		1823		31716		3323
552		1823		31716		3323
553		1823		31716		3323
554		1823		31716		3323
555		1823		31716		3323
556		1823		31716		3323
557		1823		31716		3323
558		1823		31716		3323
559		1823		31716		3323
560		1823		31716		3323
561		1823		31716		3323
562		1823		31716		3323
563		1823		31716		3323
564		1823		31716		3323
565		1823		31716		3323
566		1823		31716		3323
567		1823		31716		3323
568		1823		31716		3323
569		1823		31716		3323
570		1823		31716		3323
571		1823		31716		3323
572		1823		31716		3323
573		1823		31716		3323
574		1823		31716		3323
575		1823		31716		3323
576		1823		31716		3323
577		1823		31716		3323
578		1823		31716		3323
579		1823		31716		3323
580		1823		31716		3323
581		1823		31716		3323
582		1823		31716		3323
583		1823		31716		3323
584		1823		31716		3323
585		1823		31716		3323
586		1823		31716		3323
587		1823		31716		3323
588		1823		31716		3323
589		1823		31716		3323
590		1823		31716		3323
591		1823		31716		3323
592		1823		31716		3323
593		1823		31716		3323
594		1823		31716		3323
595		1823		31716		3323
596		1823		31716		3323
597		1823		31716		3323
598		1823		31716		3323
599		1823		31716		3323
600		1823		31716		3323
601		1823		31716		3323
602		1823		31716		3323
603		1823		31716		3323
604		1823		31716		3323
605		1823		31716		3323
606		1823		31716		3323
607		1823		31716		3323
608		1823		31716		3323
609		1823		31716		3323
610		1823		31716		3323
611		1823		31716		3323
612		1823		31716		3323
613		1823		31716		3323
614		1823		31716		3323
615		1823		31716		3323
616		1823		31716		3323
617		1823		31716		3323
618		1823		31716		3323
619		1823		31716		3323
620		1823		31716		3323
621		1823		31716		3323
622		1823		31716		3323
623		1823		31716		3323
624		1823		31716		3323
625		1823		31716		3323
626		1823		31716		3323
627		1823		31716		3323
628		1823		31716		3323
629		1823		31716		3323
630		1823		31716		3323
631		1823		31716		3323
632		1823		31716		3323
633		1823		31716		3323
634		1823		31716		3323
635		1823		31716		3323
636		1823		31716		3323
637		1823		31716		3323
638		1823		31716		3323
639		1823		31716		3323
640		1823		31716		3323
641		1823		31716		3323
642		1823		31716		3323
643		1823		31716		3323
644		1823		31716		3323
645		1823		31716		3323
646		1823		31716		3323
647		1823		31716		3323
648		1823		31716		3323
649		1823		31716		3323
650		1823		31716		3323
651		1823		31716		3323
652		1823		31716		3323
653		1823		31716		3323
654		1823		31716		3323
655		1823		31716		3323
656		1823		31716		3323
657		1823		31716		3323
658		1823		31716		3323
659		1823		31716		3323
660		1823		31716		3323
661		1823		31716		3323
662		1823		31716		3323
663		1823		31716		3323
664		1823		31716		3323
665		1823		31716		3323
666		1823		31716		3323
667		1823		31716		3323
668		1823		31716		3323
669		1823		31716		3323
670		1823		31716		3323
671		1823		31716		3323
672		1823		31716		3323
673		1823		31716		3323
674		1823		31716		3323
675		1823		31716		3323
676		1823		31716		3323
677		1823		31716		3323
678		1823		31716		3323
679		1823		31716		3323
680		1823		31716		3323
681		1823		31716		3323
682		1823		31716		3323
683		1823		31716		3323
684		1823		31716		3323
685		1823		31716		3323
686		1823		31716		3323
687		1823		31716		3323
688		1823		31716		3323
689		1823		31716		3323
690		1823		31716		3323
691		1823		31716		3323
692		1823		31716		3323
693		1823		31716		3323
694		1823		31716		3323
695		1823		31716		3323
696		1823		31716		3323
697		1823		31716		3323
698		1823		31716		3323
699		1823		31716		3323
700		1823		31716		3323
701		1823		31716		3323
702		1823		31716		3323
703		1823		31716		3323
704		1823		31716		3323
705		1823		31716		3323
706		1823		31716		3323
707		1823		31716		3323
708		1823		31716		3323
709		1823		31716		3323
710		1823		31716		3323
711		1823		31716		3323
712		1823		31716		3323
713		1823		31716		3323
714		1823		31716		3323
715		1823		31716		3323
716		1823		31716		3323
717		1823		31716		3323
718		1823		31716		3323
719		1823		31716		3323
720		1823		31716		3323
721		1823		31716		3323
722		1823		31716		3323
723		1823		31716		3323
724		1823		31716		3323
725		1823		31716		3323
726		1823		31716		3323
727		1823		31716		3323
728		1823		31716		3323
729		1823		31716		3323
730		1823		31716		3323
731		1823		31716		3323
732		1823		31716		3323
733		1823		31716		3323
734		1823		31716		3323
735		1823		31716		3323
736		1823		31716		3323
737		1823		31716		3323
738		1823		31716		3323
739		1823		31716		3323
740		1823		31716		3323
741		1823		31716		3323
742		1823		31716		3323
743		1823		31716		3323
744		1823		31716		3323
745		1823		31716		3323
746		1823		31716		3323
747		1823		31716		3323
748		1823		31716		3323
749		1823		31716		3323
750		1823		31716		3323
751		1823		31716		3323
752		1823		31716		3323
753		1823		31716		3323
754		1823		31716		3323
755		1823		31716		3323
756		1823		31716		3323
757		1823		31716		3323
758		1823		31716		3323
759		1823		31716		3323
760		1823		31716		3323
761		1823		31716		3323
762		1823		31716		3323
763		1823		31716		3323
764		1823		31716		3323
765		1823		31716		3323
766		1823		31716		3323
767		1823		31716		3323
768		1823		31716		3323
769		1823		31716		3323
770		1823		31716		3323
771		1823		31716		3323
772		1823		31716		3323
773		1823		31716		3323
774		1823		31716		3323
775		1823		31716		3323
776		1823		31716		3323
777		1823		31716		3323
778		1823		31716		3323
779		1823		31716		3323
780		1823		31716		3323
781		1823		31716		3323
782		1823		31716		3323
783		1823		31716		3323
784		1823		31716		3323
785		1823		31716		3323
786		1823		31716		3323
787		1823		31716		3323
788		1823		31716		3323
789		1823		31716		3323
790		1823		31716		3323
791		1823		31716		3323
792		1823		31716		3323
793		1823		31716		3323
794		1823		31716		3323
795		1823		31716		3323
796		1823		31716		3323
797		1823		31716		3323
798		1823		31716		3323
799		1823		31716		3323
800		1823		31716		3323
801		1823		31716		3323
802		1823		31716		3323
803		1823		31716		3323
804		1823		31716		3323
805		1823		31716		3323
806		1823		31716		3323
807		1823		31716		3323
808		1823		31716		3323
809		1823		31716		3323
810		1823		31716		3323
811		1823		31716		3323
812		1823		31716		3323
813		1823		31716		3323
814		1823		31716		3323
815		1823		31716		3323
816		1823		31716		3323
817		1823		31716		3323
818		1823		31716		3323
819		1823		31716		3323
820		1823		31716		3323
821		1823		31716		3323
822		1823		31716		3323
823		1823		31716		3323
824		1823		31716		3323
825		1823		31716		3323
826		1823		31716		3323
827		1823		31716		3323
828		1823		31716		3323
829		1823		31716		3323
830		1823		31716		3323
831		1823		31716		3323
832		1823		31716		3323
833		1823		31716		3323
834		1823		31716		3323
835		1823		31716		3323
836		1823		31716		3323
837		1823		31716		3323
838		1823		31716		3323
839		1823		31716		3323
840		1823		31716		3323
841		1823		31716		3323
842		1823		31716		3323
843		1823		31716		3323
844		1823		31716		3323
845		1823		31716		3323
846		1823		31716		3323
847		1823		31716		3323
848		1823		31716		3323
849		1823		31716		3323
850		1823		31716		3323
851		1823		31716		3323
852		1823		31716		3323
853		1823		31716		3323
854		1823		31716		3323
855		1823		31716		3323
856		1823		31716		3323
857		1823		31716		3323
858		1823		31716		3323
859		1823		31716		3323
860		1823		31716		3323
861		1823		31716		3323
862		1823		31716		3323
863		1823		31716		3323
864		1823		31716		3323
865		1823		31716		3323
866		1823		31716		3323
867		1823		31716		3323
868		1823		31716		3323
869		1823		31716		3323
870		1823		31716		3323
871		1823		31716		3323
872		1823		31716		3323
873		1823		31716		3323
874		1823		31716		3323
875		1823		31716		3323
876		1823		31716		3323
877		1823		31716		3323
878		1823		31716		3323
879		1823		31716		3323
880		1823		31716		3323
881		1823		31716		3323
882		1823		31716		3323
883		1823		31716		3323
884		1823		31716		3323
885		1823		31716		3323
886		1823		31716		3323
887		1823		31716		3323
888		1823		31716		3323
889		1823		31716		3323
890		1823		31716		3323
891		1823		31716		3323
892		1823		31716		3323
893		1823		31716		3323
894		1823		31716		3323
895		1823		31716		3323
896		1823		31716		3323
897		1823		31716		3323
898		1823		31716		3323
899		1823		31716		3323
900		1823		31716		3323
901		1823		31716		3323
902		1823		31716		3323
903		1823		31716		3323
904		1823		31716		3323
905		1823		31716		3323
906		1823		31716		3323
907		1823		31716		3323
908		1823		31716		3323
909		1823		31716		3323
910		1823		31716		3323
911		1823		31716		3323
912		1823		31716		3323
913		1823		31716		3323
914		1823		31716		3323
915		1823		31716		3323
916		1823		31716		3323
917		1823		31716		3323
918		1823		31716		3323
919		1823		31716		3323
920		1823		31716		3323
921		1823		31716		3323
922		1823		31716		3323
923		1823		31716		3323
924		1823		31716		3323
925		1823		31716		3323
926		1823		31716		3323
927		1823		31716		3323
928		1823		31716		3323
929		1823		31716		3323
930		1823		31716		3323
931		1823		31716		3323
932		1823		31716		3323
933		1823		31716		3323
934		1823		31716		3323
935		1823		31716		3323
936		1823		31716		3323
937		1823		31716		3323
938		1823		31716		3323
939		1823		31716		3323
940		1823		31716		3323
941		1823		31716		3323
942		1823		31716		3323
943		1823		31716		3323
944		1823		31716		3323
945		1823		31716		3323
946		1823		31716		3323
947		1823		31716		3323
948		1823		31716		3323
949		1823		31716		3323
950		1823		31716		3323
951		1823		31716		3323
952		1823		31716		3323
953		1823		31716		3323
954		1823		31716		3323
955		1823		31716		3323
956		1823		31716		3323
957		1823		31716		3323
958		1823		31716		3323
959		1823		31716		3323
960		1823		31716		3323
961		1823		31716		3323
962		1823		31716		3323
963		1823		31716		3323
964		1823		31716		3323
965		1823		31716		3323
966		1823		31716		3323
967		1823		31716		3323
968		1823		31716		3323
969		1823		31716		3323
970		1823		31716		3323
971		1823		31716		3323
972		1823		31716		3323
973		1823		31716		3323
974		1823		31716		3323
975		1823		31716		3323
976		1823		31716		3323
977		1823		31716		3323
978		1823		31716		3323
979		1823		31716		3323
980		1823		31716		3323
981		1823		31716		3323
982		1823		31716		3323
983		1823		31716		3323
984		1823		31716		3323
985		1823		31716		3323
986		1823		31716		3323
987		1823		31716		3323
988		1823		31716		3323
989		1823		31716		3323
990		1823		31716		3323
991		1823		31716		3323
992		1823		31716		3323
993		1823		31716		3323
994		1823		31716		3323
995		1823		31716		3323
996		1823		31716		3323
997		1823		31716		3323
998		1823		31716		3323
999		1823		31716		3323
